roi:
  x_max: 0.5546875
  x_min: 0.5234375
  y_max: 0.8291666666666667
  y_min: 0.7875
