roi:
  x_max: 0.578125
  x_min: 0.53125
  y_max: 0.5166666666666667
  y_min: 0.45416666666666666
