roi:
  x_max: 0.5640625
  x_min: 0.5171875
  y_max: 0.6083333333333333
  y_min: 0.5458333333333333
